0 4
1 4
2 0
3 4
4 4
5 4
6 4
7 4
8 4
9 4
10 4
11 4
12 4
13 4
14 4
15 0
16 4
17 2
18 4
19 4
20 4
21 4
22 4
23 4
24 4
25 4
26 4
27 4
28 4
29 4
30 4
31 4
32 4
33 4
34 4
35 4
36 4
37 4
38 4
39 4
40 4
41 4
42 4
43 4
44 4
45 4
46 4
47 4
48 4
49 4
50 4
51 4
52 4
53 4
54 4
55 1
56 4
57 4
58 4
59 4
60 4
61 0
62 4
63 4
64 4
65 4
66 5
67 1
68 4
69 4
70 4
71 4
72 4
73 4
74 4
75 0
76 4
77 4
78 4
79 4
80 4
81 4
82 4
83 2
84 1
85 4
86 4
87 4
88 4
89 4
90 4
91 4
92 4
93 4
94 4
95 4
96 4
97 4
98 4
99 4
100 4
101 4
102 4
103 4
104 0
105 4
106 4
107 4
108 4
109 4
110 4
111 4
112 4
113 4
114 4
115 4
116 4
117 4
118 4
119 4
120 4
121 4
122 4
123 4
124 4
125 4
126 4
127 4
128 4
129 4
130 4
131 4
132 4
133 4
134 4
135 4
136 4
137 4
138 4
139 4
140 4
141 4
142 4
143 4
144 4
145 4
146 4
147 4
148 4
149 4
150 4
151 4
152 4
153 4
154 4
155 4
156 4
157 4
158 5
159 4
160 4
161 4
162 1
163 4
164 4
165 4
166 4
167 4
168 4
169 4
170 1
171 1
172 1
173 1
174 1
175 1
176 1
177 1
178 1
179 1
180 1
181 0
182 1
183 1
184 1
185 1
186 1
187 1
188 3
189 1
190 1
191 1
192 1
193 1
194 1
195 1
196 1
197 1
198 1
199 1
200 1
201 1
202 1
203 1
204 1
205 1
206 1
207 1
208 1
209 1
210 1
211 1
212 1
213 1
214 3
215 3
216 1
217 3
218 1
219 1
220 1
221 1
222 1
223 1
224 1
225 1
226 1
227 1
228 1
229 1
230 1
231 6
232 0
233 5
234 5
235 0
236 5
237 5
238 3
239 3
240 3
241 3
242 3
243 3
244 5
245 1
246 1
247 1
248 1
249 1
250 0
251 5
252 4
253 1
254 2
255 0
256 0
257 2
258 5
259 4
260 1
261 1
262 1
263 1
264 4
265 0
266 0
267 0
268 0
269 0
270 0
271 0
272 0
273 0
274 0
275 0
276 0
277 0
278 0
279 0
280 0
281 0
282 0
283 0
284 0
285 0
286 0
287 3
288 0
289 0
290 0
291 0
292 0
293 0
294 0
295 0
296 0
297 0
298 0
299 0
300 0
301 4
302 0
303 0
304 0
305 0
306 0
307 0
308 0
309 5
310 5
311 5
312 5
313 5
314 5
315 5
316 5
317 5
318 5
319 5
320 5
321 5
322 5
323 5
324 4
325 4
326 4
327 4
328 4
329 4
330 4
331 1
332 4
333 6
334 6
335 6
336 6
337 0
338 0
339 2
340 0
341 1
342 2
343 2
344 2
345 2
346 2
347 5
348 2
349 0
350 5
351 2
352 2
353 2
354 2
355 2
356 6
357 2
358 0
359 6
360 5
361 2
362 2
363 4
364 6
365 6
366 2
367 0
368 6
369 2
370 2
371 6
372 6
373 2
374 6
375 6
376 5
377 0
378 0
379 0
380 1
381 0
382 0
383 0
384 0
385 0
386 0
387 2
388 0
389 1
390 0
391 0
392 0
393 0
394 0
395 0
396 0
397 1
398 0
399 0
400 0
401 0
402 0
403 0
404 0
405 0
406 2
407 0
408 0
409 0
410 0
411 0
412 0
413 0
414 0
415 1
416 0
417 0
418 0
419 0
420 0
421 0
422 0
423 0
424 0
425 0
426 0
427 1
428 0
429 0
430 0
431 0
432 0
433 0
434 0
435 0
436 0
437 0
438 0
439 0
440 0
441 0
442 0
443 0
444 0
445 0
446 5
447 5
448 5
449 5
450 5
451 5
452 5
453 5
454 6
455 5
456 5
457 5
458 5
459 5
460 5
461 5
462 4
463 4
464 4
465 4
466 4
467 3
468 3
469 3
470 3
471 2
472 0
473 6
474 0
475 4
476 4
477 3
478 3
479 5
480 5
481 5
482 5
483 5
484 5
485 5
486 5
487 5
488 5
489 5
490 5
491 5
492 5
493 5
494 6
495 6
496 6
497 6
498 5
499 5
500 5
501 5
502 5
503 5
504 5
505 3
506 2
507 2
508 0
509 3
510 3
511 3
512 3
513 2
514 3
515 2
516 3
517 5
518 3
519 2
520 2
521 2
522 2
523 2
524 5
525 5
526 2
527 2
528 6
529 6
530 6
531 6
532 6
533 6
534 6
535 6
536 6
537 6
538 6
539 6
540 6
541 6
542 6
543 6
544 6
545 6
546 6
547 2
548 6
549 6
550 6
551 2
552 2
553 2
554 2
555 2
556 2
557 2
558 2
559 2
560 2
561 0
562 2
563 2
564 2
565 2
566 2
567 2
568 2
569 2
570 0
571 2
572 0
573 2
574 2
575 2
576 2
577 2
578 2
579 0
580 0
581 0
582 0
583 3
584 0
585 0
586 0
587 0
588 0
589 0
590 3
591 0
592 0
593 0
594 0
595 0
596 0
597 0
598 0
599 0
600 0
601 0
602 0
603 0
604 0
605 0
606 0
607 0
608 0
609 0
610 0
611 0
612 0
613 0
614 0
615 0
616 0
617 0
618 0
619 0
620 0
621 0
622 0
623 0
624 0
625 0
626 0
627 0
628 0
629 0
630 0
631 0
632 0
633 5
634 5
635 5
636 5
637 5
638 5
639 0
640 0
641 5
642 5
643 5
644 5
645 5
646 5
647 5
648 5
649 5
650 5
651 5
652 5
653 5
654 3
655 3
656 3
657 3
658 3
659 3
660 0
661 3
662 3
663 3
664 3
665 3
666 3
667 3
668 3
669 3
670 3
671 3
672 2
673 3
674 6
675 2
676 6
677 6
678 5
679 2
680 2
681 2
682 6
683 6
684 5
685 5
686 6
687 6
688 5
689 6
690 0
691 0
692 5
693 5
694 0
695 5
696 5
697 5
698 5
699 2
700 5
701 5
702 5
703 5
704 5
705 2
706 5
707 5
708 2
709 3
710 3
711 3
712 3
713 2
714 0
715 0
716 0
717 0
718 4
719 0
720 0
721 4
722 1
723 0
724 0
725 0
726 0
727 0
728 0
729 0
730 0
731 0
732 0
733 1
734 0
735 0
736 3
737 0
738 0
739 0
740 5
741 0
742 0
743 0
744 1
745 3
746 3
747 0
748 0
749 0
750 3
751 1
752 0
753 4
754 0
755 0
756 4
757 0
758 0
759 0
760 2
761 2
762 5
763 5
764 0
765 5
766 0
767 6
768 2
769 6
770 0
771 2
772 0
773 3
774 0
775 2
776 5
777 5
778 2
779 2
780 6
781 2
782 5
783 2
784 2
785 5
786 3
787 2
788 2
789 2
790 2
791 3
792 2
793 6
794 2
795 5
796 5
797 2
798 2
799 5
800 1
801 0
802 0
803 2
804 0
805 5
806 5
807 5
808 6
809 5
810 2
811 3
812 3
813 0
814 0
815 0
816 3
817 3
818 3
819 0
820 0
821 3
822 0
823 0
824 0
825 0
826 3
827 0
828 0
829 0
830 0
831 1
832 0
833 3
834 0
835 0
836 0
837 0
838 0
839 0
840 3
841 3
842 3
843 3
844 0
845 3
846 2
847 3
848 2
849 3
850 3
851 2
852 6
853 5
854 1
855 1
856 1
857 0
858 1
859 2
860 1
861 1
862 1
863 2
864 2
865 6
866 6
867 6
868 6
869 6
870 6
871 6
872 6
873 2
874 2
875 2
876 2
877 0
878 2
879 3
880 2
881 2
882 2
883 2
884 2
885 2
886 2
887 2
888 4
889 5
890 2
891 5
892 5
893 5
894 5
895 5
896 5
897 5
898 3
899 3
900 3
901 3
902 3
903 2
904 0
905 0
906 0
907 0
908 0
909 0
910 0
911 0
912 0
913 0
914 0
915 5
916 5
917 5
918 5
919 2
920 2
921 2
922 4
923 2
924 2
925 2
926 2
927 0
928 0
929 0
930 0
931 0
932 1
933 1
934 0
935 1
936 1
937 1
938 1
939 4
940 1
941 1
942 1
943 1
944 0
945 1
946 0
947 1
948 1
949 1
950 1
951 5
952 1
953 1
954 1
955 0
956 4
957 1
958 1
959 1
960 1
961 1
962 1
963 1
964 1
965 1
966 1
967 1
968 1
969 1
970 1
971 1
972 1
973 1
974 1
975 2
976 1
977 0
978 1
979 1
980 1
981 0
982 1
983 1
984 5
985 1
986 1
987 1
988 1
989 1
990 2
991 2
992 3
993 2
994 2
995 2
996 2
997 5
998 5
999 5
1000 5
1001 5
1002 5
1003 5
1004 5
1005 5
1006 5
1007 5
1008 2
1009 5
1010 0
1011 5
1012 5
1013 0
1014 1
1015 1
1016 1
1017 1
1018 1
1019 2
1020 0
1021 6
1022 6
1023 6
1024 2
1025 5
1026 2
1027 2
1028 6
1029 6
1030 4
1031 5
1032 5
1033 0
1034 0
1035 0
1036 0
1037 2
1038 0
1039 0
1040 0
1041 0
1042 3
1043 3
1044 3
1045 0
1046 3
1047 3
1048 3
1049 3
1050 3
1051 3
1052 3
1053 3
1054 3
1055 3
1056 3
1057 0
1058 0
1059 0
1060 0
1061 3
1062 0
1063 0
1064 0
1065 0
1066 0
1067 3
1068 0
1069 0
1070 3
1071 3
1072 3
1073 3
1074 3
1075 6
1076 6
1077 6
1078 6
1079 2
1080 2
1081 6
1082 2
1083 2
1084 6
1085 6
1086 6
1087 6
1088 6
1089 2
1090 2
1091 0
1092 0
1093 1
1094 0
1095 2
1096 2
1097 0
1098 0
1099 0
1100 0
1101 0
1102 1
1103 1
1104 1
1105 1
1106 0
1107 0
1108 0
1109 0
1110 0
1111 0
1112 0
1113 0
1114 0
1115 0
1116 5
1117 4
1118 2
1119 2
1120 2
1121 6
1122 2
1123 6
1124 0
1125 2
1126 3
1127 6
1128 6
1129 6
1130 0
1131 2
1132 6
1133 6
1134 5
1135 2
1136 0
1137 0
1138 0
1139 6
1140 6
1141 6
1142 6
1143 6
1144 6
1145 6
1146 6
1147 6
1148 0
1149 0
1150 0
1151 0
1152 6
1153 2
1154 6
1155 2
1156 5
1157 3
1158 3
1159 6
1160 5
1161 2
1162 5
1163 5
1164 4
1165 4
1166 4
1167 4
1168 1
1169 4
1170 1
1171 4
1172 4
1173 4
1174 4
1175 4
1176 4
1177 1
1178 2
1179 2
1180 2
1181 2
1182 6
1183 6
1184 6
1185 3
1186 3
1187 3
1188 4
1189 0
1190 0
1191 0
1192 2
1193 2
1194 2
1195 3
1196 2
1197 5
1198 0
1199 5
1200 2
1201 2
1202 2
1203 2
1204 2
1205 2
1206 2
1207 2
1208 2
1209 2
1210 2
1211 5
1212 5
1213 5
1214 5
1215 5
1216 5
1217 5
1218 5
1219 5
1220 5
1221 5
1222 5
1223 0
1224 0
1225 2
1226 0
1227 0
1228 0
1229 0
1230 0
1231 0
1232 0
1233 0
1234 5
1235 0
1236 1
1237 5
1238 5
1239 2
1240 5
1241 6
1242 0
1243 0
1244 6
1245 6
1246 6
1247 6
1248 6
1249 2
1250 2
1251 6
1252 2
1253 6
1254 5
1255 2
1256 2
1257 2
1258 2
1259 2
1260 2
1261 2
1262 2
1263 2
1264 2
1265 2
1266 2
1267 2
1268 2
1269 2
1270 2
1271 2
1272 2
1273 2
1274 2
1275 2
1276 2
1277 3
1278 2
1279 2
1280 2
1281 2
1282 2
1283 2
1284 2
1285 2
1286 2
1287 2
1288 2
1289 2
1290 2
1291 0
1292 0
1293 0
1294 0
1295 0
1296 0
1297 0
1298 0
1299 0
1300 0
1301 0
1302 2
1303 2
1304 2
1305 2
1306 2
1307 0
1308 1
1309 4
1310 4
1311 4
1312 4
1313 4
1314 4
1315 4
1316 4
1317 4
1318 5
1319 4
1320 0
1321 0
1322 6
1323 6
1324 1
1325 1
1326 1
1327 1
1328 0
1329 0
1330 1
1331 2
1332 0
1333 1
1334 3
1335 0
1336 0
1337 0
1338 0
1339 0
1340 0
1341 0
1342 0
1343 0
1344 6
1345 6
1346 1
1347 1
1348 1
1349 2
1350 2
1351 4
1352 4
1353 4
1354 4
1355 4
1356 0
1357 0
1358 3
1359 3
1360 3
1361 3
1362 3
1363 3
1364 3
1365 3
1366 3
1367 3
1368 3
1369 5
1370 5
1371 5
1372 5
1373 6
1374 5
1375 5
1376 6
1377 5
1378 0
1379 2
1380 2
1381 0
1382 0
1383 0
1384 2
1385 2
1386 2
1387 2
1388 2
1389 2
1390 2
1391 4
1392 5
1393 5
1394 5
1395 5
1396 5
1397 3
1398 3
1399 3
1400 3
1401 3
1402 3
1403 3
1404 3
1405 3
1406 3
1407 0
1408 0
1409 0
1410 0
1411 0
1412 0
1413 0
1414 0
1415 0
1416 2
1417 0
1418 0
1419 0
1420 0
1421 0
1422 0
1423 3
1424 3
1425 3
1426 3
1427 3
1428 3
1429 3
1430 3
1431 3
1432 3
1433 3
1434 3
1435 3
1436 3
1437 3
1438 1
1439 3
1440 1
1441 1
1442 3
1443 3
1444 0
1445 4
1446 1
1447 4
1448 4
1449 1
1450 1
1451 5
1452 1
1453 0
1454 0
1455 0
1456 0
1457 0
1458 6
1459 3
1460 3
1461 3
1462 3
1463 3
1464 3
1465 3
1466 3
1467 3
1468 3
1469 3
1470 3
1471 3
1472 3
1473 2
1474 3
1475 3
1476 2
1477 3
1478 3
1479 3
1480 5
1481 1
1482 1
1483 1
1484 1
1485 4
1486 4
1487 4
1488 2
1489 2
1490 2
1491 2
1492 2
1493 0
1494 0
1495 0
1496 0
1497 4
1498 0
1499 0
1500 0
1501 0
1502 0
1503 0
1504 0
1505 2
1506 5
1507 5
1508 5
1509 5
1510 5
1511 5
1512 5
1513 5
1514 5
1515 5
1516 5
1517 5
1518 5
1519 5
1520 5
1521 5
1522 5
1523 5
1524 5
1525 2
1526 5
1527 5
1528 5
1529 5
1530 5
1531 0
1532 0
1533 2
1534 0
1535 2
1536 2
1537 2
1538 6
1539 6
1540 3
1541 3
1542 3
1543 3
1544 3
1545 3
1546 2
1547 4
1548 4
1549 4
1550 4
1551 4
1552 4
1553 4
1554 4
1555 4
1556 5
1557 5
1558 5
1559 2
1560 2
1561 5
1562 5
1563 2
1564 0
1565 0
1566 0
1567 5
1568 5
1569 5
1570 5
1571 2
1572 5
1573 5
1574 3
1575 3
1576 3
1577 3
1578 3
1579 3
1580 3
1581 3
1582 2
1583 3
1584 3
1585 0
1586 6
1587 2
1588 2
1589 3
1590 2
1591 3
1592 0
1593 0
1594 0
1595 3
1596 3
1597 3
1598 1
1599 2
1600 0
1601 0
1602 0
1603 0
1604 0
1605 0
1606 0
1607 0
1608 0
1609 2
1610 0
1611 0
1612 3
1613 3
1614 0
1615 0
1616 0
1617 0
1618 3
1619 0
1620 0
1621 4
1622 0
1623 0
1624 3
1625 2
1626 5
1627 0
1628 0
1629 0
1630 0
1631 2
1632 2
1633 2
1634 2
1635 2
1636 2
1637 2
1638 0
1639 4
1640 0
1641 0
1642 0
1643 0
1644 6
1645 0
1646 0
1647 0
1648 0
1649 1
1650 1
1651 0
1652 0
1653 2
1654 2
1655 1
1656 3
1657 1
1658 5
1659 5
1660 1
1661 0
1662 4
1663 4
1664 1
1665 1
1666 1
1667 1
1668 1
1669 1
1670 1
1671 1
1672 1
1673 1
1674 1
1675 2
1676 0
1677 1
1678 1
1679 2
1680 2
1681 2
1682 4
1683 4
1684 3
1685 3
1686 3
1687 5
1688 0
1689 0
1690 0
1691 0
1692 0
1693 0
1694 0
1695 3
1696 3
1697 3
1698 0
1699 5
1700 0
1701 2
1702 2
1703 0
1704 0
1705 0
1706 0
1707 0
1708 2
1709 0
1710 0
1711 0
1712 0
1713 0
1714 0
1715 3
1716 3
1717 3
1718 3
1719 3
1720 3
1721 3
1722 3
1723 3
1724 3
1725 3
1726 0
1727 0
1728 3
1729 2
1730 3
1731 0
1732 0
1733 0
1734 0
1735 0
1736 4
1737 0
1738 2
1739 2
1740 2
1741 0
1742 3
1743 3
1744 5
1745 2
1746 2
1747 0
1748 0
1749 0
1750 0
1751 0
1752 0
1753 0
1754 4
1755 4
1756 0
1757 0
1758 0
1759 0
1760 0
1761 0
1762 0
1763 0
1764 0
1765 0
1766 0
1767 0
1768 0
1769 4
1770 4
1771 0
1772 0
1773 0
1774 5
1775 5
1776 3
1777 3
1778 3
1779 3
1780 4
1781 0
1782 0
1783 0
1784 1
1785 1
1786 2
1787 3
1788 3
1789 3
1790 0
1791 3
1792 3
1793 2
1794 2
1795 3
1796 3
1797 3
1798 3
1799 3
1800 3
1801 3
1802 5
1803 2
1804 2
1805 3
1806 4
1807 4
1808 4
1809 4
1810 4
1811 4
1812 4
1813 4
1814 4
1815 3
1816 3
1817 3
1818 3
1819 3
1820 3
1821 0
1822 0
1823 5
1824 6
1825 6
1826 6
1827 6
1828 6
1829 6
1830 6
1831 6
1832 6
1833 0
1834 0
1835 3
1836 3
1837 3
1838 3
1839 3
1840 3
1841 3
1842 3
1843 3
1844 3
1845 0
1846 1
1847 0
1848 2
1849 3
1850 0
1851 0
1852 5
1853 5
1854 2
1855 4
1856 4
1857 4
1858 0
1859 0
1860 0
1861 2
1862 2
1863 4
1864 0
1865 0
1866 0
1867 0
1868 0
1869 6
1870 6
1871 3
1872 3
1873 4
1874 0
1875 0
1876 4
1877 3
1878 3
1879 2
1880 0
1881 2
1882 2
1883 0
1884 0
1885 1
1886 0
1887 4
1888 4
1889 6
1890 2
1891 2
1892 6
1893 2
1894 2
1895 2
1896 2
1897 0
1898 0
1899 0
1900 5
1901 5
1902 1
1903 3
1904 0
1905 1
1906 1
1907 4
1908 4
1909 4
1910 4
1911 0
1912 0
1913 3
1914 3
1915 3
1916 0
1917 0
1918 0
1919 4
1920 4
1921 0
1922 5
1923 5
1924 3
1925 3
1926 3
1927 3
1928 0
1929 0
1930 0
1931 0
1932 0
1933 0
1934 0
1935 3
1936 2
1937 4
1938 4
1939 4
1940 4
1941 4
1942 4
1943 4
1944 4
1945 4
1946 4
1947 4
1948 4
1949 4
1950 4
1951 4
1952 4
1953 4
1954 4
1955 4
1956 2
1957 5
1958 5
1959 4
1960 5
1961 5
1962 1
1963 4
1964 4
1965 2
1966 6
1967 6
1968 6
1969 0
1970 5
1971 4
1972 4
1973 4
1974 0
1975 0
1976 4
1977 4
1978 4
1979 2
1980 4
1981 0
1982 0
1983 4
1984 4
1985 6
1986 6
1987 6
1988 4
1989 0
1990 4
1991 4
1992 4
1993 4
1994 0
1995 5
1996 3
1997 6
1998 6
1999 0
2000 0
2001 6
2002 5
2003 6
2004 5
2005 2
2006 3
2007 3
2008 3
2009 3
2010 3
2011 3
2012 3
2013 3
2014 2
2015 4
2016 4
2017 6
2018 6
2019 2
2020 0
2021 2
2022 2
2023 2
2024 2
2025 0
2026 0
2027 4
2028 4
2029 1
2030 0
2031 2
2032 3
2033 3
2034 3
2035 3
2036 5
2037 5
2038 0
2039 0
2040 0
2041 0
2042 5
2043 1
2044 4
2045 4
2046 0
2047 3
2048 0
2049 0
2050 0
2051 1
2052 6
2053 6
2054 6
2055 3
2056 3
2057 3
2058 3
2059 3
2060 5
2061 5
2062 0
2063 0
2064 3
2065 3
2066 0
2067 3
2068 3
2069 3
2070 0
2071 5
2072 5
2073 5
2074 0
2075 0
2076 0
2077 1
2078 1
2079 6
2080 6
2081 0
2082 0
2083 2
2084 2
2085 3
2086 3
2087 3
2088 3
2089 0
2090 4
2091 0
2092 0
2093 0
2094 3
2095 3
2096 3
2097 0
2098 0
2099 5
2100 5
2101 4
2102 4
2103 4
2104 4
2105 4
2106 0
2107 0
2108 2
2109 4
2110 2
2111 0
2112 0
2113 4
2114 0
2115 2
2116 1
2117 0
2118 3
2119 5
2120 5
2121 3
2122 0
2123 2
2124 2
2125 3
2126 3
2127 3
2128 2
2129 0
2130 0
2131 0
2132 0
2133 0
2134 2
2135 0
2136 4
2137 4
2138 4
2139 5
2140 1
2141 1
2142 1
2143 5
2144 5
2145 4
2146 4
2147 4
2148 0
2149 0
2150 5
2151 5
2152 2
2153 4
2154 0
2155 0
2156 4
2157 4
2158 5
2159 5
2160 3
2161 3
2162 3
2163 0
2164 0
2165 3
2166 0
2167 4
2168 4
2169 3
2170 3
2171 3
2172 3
2173 3
2174 4
2175 5
2176 3
2177 3
2178 5
2179 5
2180 0
2181 0
2182 0
2183 0
2184 0
2185 0
2186 2
2187 4
2188 5
2189 5
2190 0
2191 0
2192 1
2193 0
2194 2
2195 4
2196 0
2197 0
2198 0
2199 0
2200 0
2201 0
2202 0
2203 3
2204 3
2205 3
2206 3
2207 5
2208 5
2209 5
2210 3
2211 3
2212 3
2213 3
2214 0
2215 0
2216 0
2217 2
2218 2
2219 5
2220 5
2221 0
2222 0
2223 0
2224 0
2225 2
2226 0
2227 0
2228 2
2229 2
2230 1
2231 4
2232 4
2233 4
2234 4
2235 3
2236 3
2237 3
2238 0
2239 0
2240 5
2241 2
2242 6
2243 6
2244 2
2245 3
2246 3
2247 0
2248 0
2249 2
2250 0
2251 0
2252 4
2253 4
2254 0
2255 5
2256 3
2257 4
2258 0
2259 4
2260 4
2261 4
2262 6
2263 6
2264 6
2265 1
2266 0
2267 0
2268 4
2269 4
2270 2
2271 2
2272 0
2273 2
2274 4
2275 3
2276 3
2277 3
2278 3
2279 3
2280 3
2281 3
2282 3
2283 0
2284 0
2285 0
2286 0
2287 0
2288 2
2289 6
2290 6
2291 3
2292 0
2293 0
2294 0
2295 0
2296 0
2297 0
2298 0
2299 6
2300 6
2301 0
2302 0
2303 0
2304 0
2305 0
2306 0
2307 0
2308 0
2309 2
2310 5
2311 2
2312 1
2313 0
2314 5
2315 0
2316 2
2317 2
2318 4
2319 0
2320 0
2321 2
2322 5
2323 4
2324 4
2325 4
2326 0
2327 0
2328 0
2329 0
2330 3
2331 3
2332 0
2333 1
2334 4
2335 4
2336 5
2337 5
2338 3
2339 3
2340 3
2341 3
2342 3
2343 3
2344 0
2345 0
2346 0
2347 6
2348 6
2349 6
2350 0
2351 0
2352 0
2353 0
2354 0
2355 0
2356 1
2357 4
2358 5
2359 0
2360 0
2361 3
2362 3
2363 3
2364 0
2365 0
2366 0
2367 0
2368 0
2369 0
2370 0
2371 0
2372 4
2373 4
2374 4
2375 3
2376 3
2377 3
2378 0
2379 6
2380 2
2381 2
2382 1
2383 3
2384 3
2385 0
2386 5
2387 4
2388 0
2389 0
2390 4
2391 0
2392 0
2393 0
2394 0
2395 0
2396 0
2397 0
2398 6
2399 0
2400 0
2401 0
2402 0
2403 0
2404 6
2405 6
2406 6
2407 6
2408 2
2409 0
2410 0
2411 1
2412 4
2413 4
2414 5
2415 3
2416 0
2417 0
2418 0
2419 5
2420 0
2421 4
2422 4
2423 4
2424 4
2425 6
2426 0
2427 0
2428 0
2429 0
2430 0
2431 2
2432 0
2433 0
2434 0
2435 0
2436 4
2437 2
2438 4
2439 0
2440 4
2441 4
2442 3
2443 3
2444 3
2445 4
2446 4
2447 4
2448 4
2449 5
2450 3
2451 6
2452 4
2453 4
2454 1
2455 0
2456 0
2457 5
2458 6
2459 3
2460 3
2461 2
2462 0
2463 0
2464 0
2465 0
2466 0
2467 0
2468 4
2469 3
2470 5
2471 5
2472 5
2473 0
2474 0
2475 0
2476 0
2477 0
2478 3
2479 0
2480 3
2481 3
2482 2
2483 0
2484 3
2485 0
2486 0
2487 0
2488 0
2489 0
2490 3
2491 3
2492 6
2493 2
2494 2
2495 4
2496 0
2497 4
2498 4
2499 4
2500 4
2501 4
2502 4
2503 4
2504 3
2505 6
2506 5
2507 5
2508 3
2509 3
2510 3
2511 0
2512 3
2513 0
2514 0
2515 3
2516 3
2517 3
2518 0
2519 0
2520 3
2521 3
2522 3
2523 6
2524 0
2525 2
2526 2
2527 4
2528 4
2529 4
2530 4
2531 4
2532 0
2533 4
2534 4
2535 4
2536 4
2537 4
2538 4
2539 4
2540 2
2541 0
2542 4
2543 4
2544 4
2545 4
2546 4
2547 4
2548 4
2549 4
2550 4
2551 4
2552 4
2553 4
2554 4
2555 4
2556 4
2557 4
2558 4
2559 4
2560 0
2561 0
2562 0
2563 0
2564 6
2565 0
2566 0
2567 0
2568 0
2569 0
2570 3
2571 3
2572 3
2573 3
2574 3
2575 3
2576 0
2577 0
2578 0
2579 0
2580 3
2581 3
2582 3
2583 0
2584 0
2585 0
2586 0
2587 3
2588 3
2589 3
2590 3
2591 3
2592 3
2593 3
2594 3
2595 3
2596 3
2597 3
2598 3
2599 3
2600 3
2601 3
2602 3
2603 3
2604 3
2605 3
2606 0
2607 0
2608 0
2609 3
2610 3
2611 3
2612 3
2613 3
2614 3
2615 3
2616 3
2617 0
2618 0
2619 3
2620 3
2621 3
2622 3
2623 3
2624 3
2625 3
2626 3
2627 3
2628 3
2629 3
2630 3
2631 3
2632 4
2633 4
2634 4
2635 0
2636 0
2637 0
2638 0
2639 0
2640 0
2641 0
2642 4
2643 6
2644 6
2645 4
2646 4
2647 4
2648 4
2649 5
2650 0
2651 0
2652 0
2653 0
2654 0
2655 0
2656 3
2657 3
2658 3
2659 0
2660 0
2661 0
2662 0
2663 0
2664 6
2665 0
2666 0
2667 0
2668 0
2669 3
2670 3
2671 0
2672 0
2673 0
2674 0
2675 0
2676 0
2677 0
2678 0
2679 0
2680 0
2681 0
2682 2
2683 2
2684 2
2685 2
2686 2
2687 0
2688 0
2689 0
2690 0
2691 0
2692 0
2693 0
2694 0
2695 0
2696 6
2697 6
2698 0
2699 0
2700 0
2701 0
2702 0
2703 0
2704 0
2705 0
2706 0
2707 0
