0 18
1 18
2 8
3 8
4 18
5 18
6 8
7 14
8 18
9 18
10 3
11 25
12 6
13 18
14 32
15 40
16 35
17 18
18 40
19 18
20 18
21 18
22 18
23 18
24 18
25 31
26 18
27 6
28 0
29 4
30 35
31 18
32 18
33 18
34 18
35 6
36 6
37 6
38 18
39 0
40 1
41 15
42 18
43 11
44 6
45 35
46 9
47 18
48 23
49 35
50 26
51 5
52 35
53 22
54 38
55 32
56 32
57 14
58 18
59 18
60 14
61 2
62 26
63 14
64 40
65 18
66 18
67 40
68 14
69 22
70 26
71 26
72 32
73 14
74 26
75 22
76 1
77 22
78 12
79 12
80 12
81 41
82 29
83 29
84 12
85 12
86 12
87 12
88 35
89 12
90 35
91 3
92 3
93 23
94 35
95 36
96 29
97 30
98 30
99 12
100 12
101 33
102 31
103 35
104 9
105 33
106 21
107 12
108 12
109 12
110 12
111 29
112 29
113 0
114 3
115 30
116 33
117 12
118 29
119 12
120 23
121 12
122 18
123 25
124 36
125 23
126 12
127 41
128 30
129 12
130 10
131 29
132 8
133 35
134 0
135 18
136 18
137 12
138 38
139 31
140 12
141 12
142 12
143 31
144 9
145 12
146 41
147 21
148 12
149 29
150 29
151 12
152 29
153 21
154 12
155 12
156 12
157 21
158 12
159 12
160 21
161 23
162 12
163 21
164 12
165 12
166 33
167 32
168 21
169 14
170 31
171 31
172 31
173 14
174 33
175 3
176 25
177 32
178 35
179 35
180 38
181 16
182 16
183 35
184 41
185 37
186 0
187 10
188 14
189 0
190 9
191 12
192 38
193 29
194 12
195 40
196 0
197 0
198 24
199 24
200 24
201 24
202 5
203 10
204 36
205 14
206 36
207 25
208 25
209 25
210 10
211 16
212 26
213 25
214 14
215 39
216 16
217 0
218 38
219 40
220 19
221 36
222 32
223 40
224 14
225 14
226 14
227 31
228 22
229 31
230 31
231 31
232 31
233 31
234 36
235 33
236 22
237 14
238 3
239 11
240 18
241 36
242 11
243 11
244 16
245 40
246 40
247 37
248 0
249 0
250 37
251 6
252 36
253 14
254 41
255 36
256 16
257 16
258 14
259 15
260 29
261 14
262 20
263 14
264 0
265 29
266 14
267 2
268 0
269 40
270 36
271 8
272 15
273 14
274 14
275 26
276 8
277 22
278 40
279 32
280 18
281 34
282 12
283 29
284 22
285 10
286 14
287 30
288 12
289 5
290 23
291 0
292 14
293 6
294 16
295 14
296 31
297 27
298 15
299 14
300 33
301 40
302 14
303 6
304 5
305 14
306 14
307 14
308 6
309 32
310 6
311 6
312 6
313 32
314 14
315 33
316 14
317 14
318 14
319 14
320 32
321 5
322 12
323 29
324 12
325 0
326 0
327 0
328 0
329 37
330 0
331 10
332 0
333 0
334 0
335 0
336 0
337 0
338 0
339 0
340 0
341 0
342 0
343 0
344 0
345 38
346 0
347 0
348 0
349 0
350 0
351 0
352 0
353 0
354 0
355 0
356 0
357 0
358 0
359 0
360 0
361 0
362 0
363 0
364 0
365 0
366 0
367 0
368 0
369 0
370 0
371 0
372 0
373 0
374 0
375 0
376 0
377 0
378 35
379 0
380 0
381 0
382 0
383 0
384 11
385 11
386 24
387 24
388 32
389 37
390 23
391 11
392 11
393 16
394 39
395 35
396 11
397 32
398 32
399 11
400 23
401 11
402 11
403 37
404 32
405 11
406 14
407 31
408 31
409 31
410 14
411 38
412 0
413 0
414 40
415 0
416 14
417 0
418 0
419 0
420 33
421 24
422 24
423 24
424 24
425 24
426 24
427 24
428 24
429 24
430 5
431 15
432 35
433 10
434 14
435 5
436 25
437 37
438 36
439 41
440 40
441 40
442 16
443 14
444 14
445 40
446 32
447 14
448 40
449 31
450 36
451 40
452 3
453 33
454 16
455 40
456 40
457 40
458 40
459 37
460 36
461 6
462 14
463 36
464 36
465 33
466 33
467 32
468 32
469 37
470 15
471 14
472 15
473 37
474 14
475 32
476 14
477 33
478 24
479 24
480 41
481 14
482 34
483 22
484 28
485 23
486 24
487 6
488 5
489 14
490 5
491 40
492 40
493 40
494 14
495 6
496 14
497 22
498 39
499 14
500 14
501 14
502 5
503 14
504 5
505 18
506 5
507 14
508 14
509 10
510 33
511 33
512 33
513 33
514 33
515 25
516 25
517 33
518 33
519 33
520 22
521 33
522 33
523 33
524 33
525 32
526 34
527 17
528 37
529 6
530 18
531 16
532 17
533 38
534 36
535 6
536 14
537 26
538 22
539 40
540 18
541 18
542 18
543 1
544 18
545 18
546 18
547 18
548 6
549 6
550 6
551 27
552 32
553 38
554 9
555 9
556 34
557 18
558 18
559 6
560 6
561 18
562 35
563 9
564 4
565 38
566 24
567 11
568 32
569 11
570 32
571 32
572 22
573 32
574 22
575 32
576 11
577 11
578 9
579 9
580 32
581 26
582 26
583 10
584 34
585 24
586 24
587 16
588 36
589 36
590 16
591 10
592 24
593 24
594 24
595 24
596 16
597 29
598 24
599 36
600 36
601 36
602 16
603 24
604 24
605 16
606 5
607 15
608 32
609 23
610 16
611 32
612 39
613 18
614 16
615 2
616 35
617 36
618 36
619 6
620 36
621 36
622 24
623 36
624 36
625 36
626 16
627 36
628 14
629 14
630 6
631 14
632 5
633 32
634 26
635 26
636 10
637 4
638 0
639 0
640 14
641 0
642 0
643 0
644 0
645 0
646 0
647 0
648 25
649 25
650 33
651 36
652 36
653 36
654 9
655 37
656 36
657 32
658 9
659 9
660 9
661 17
662 14
663 3
664 5
665 25
666 32
667 6
668 40
669 22
670 40
671 14
672 29
673 26
674 29
675 29
676 12
677 12
678 3
679 35
680 22
681 14
682 31
683 6
684 40
685 6
686 6
687 6
688 6
689 6
690 6
691 6
692 6
693 6
694 6
695 40
696 40
697 7
698 9
699 15
700 40
701 17
702 17
703 14
704 39
705 15
706 32
707 22
708 32
709 25
710 25
711 14
712 17
713 32
714 14
715 17
716 32
717 33
718 16
719 25
720 12
721 11
722 31
723 25
724 14
725 40
726 14
727 26
728 14
729 14
730 31
731 35
732 14
733 14
734 13
735 14
736 14
737 0
738 32
739 37
740 37
741 37
742 38
743 32
744 32
745 32
746 32
747 9
748 11
749 18
750 18
751 26
752 18
753 27
754 15
755 29
756 32
757 32
758 14
759 35
760 35
761 26
762 6
763 22
764 14
765 37
766 2
767 1
768 39
769 14
770 39
771 14
772 32
773 1
774 32
775 18
776 14
777 14
778 25
779 32
780 14
781 41
782 14
783 38
784 5
785 3
786 3
787 3
788 37
789 11
790 11
791 14
792 14
793 5
794 26
795 16
796 25
797 29
798 11
799 25
800 25
801 25
802 18
803 6
804 19
805 19
806 31
807 14
808 36
809 26
810 26
811 37
812 36
813 36
814 16
815 16
816 16
817 29
818 26
819 26
820 1
821 19
822 33
823 11
824 40
825 14
826 14
827 14
828 14
829 40
830 29
831 40
832 14
833 39
834 12
835 12
836 33
837 33
838 33
839 0
840 17
841 17
842 32
843 32
844 40
845 40
846 22
847 18
848 22
849 40
850 6
851 6
852 6
853 40
854 40
855 31
856 31
857 31
858 31
859 33
860 16
861 32
862 19
863 40
864 12
865 38
866 22
867 14
868 14
869 1
870 11
871 18
872 18
873 6
874 40
875 6
876 14
877 32
878 32
879 25
880 32
881 7
882 40
883 40
884 40
885 40
886 14
887 41
888 14
889 22
890 31
891 31
892 12
893 12
894 12
895 18
896 22
897 29
898 22
899 6
900 40
901 26
902 12
903 31
904 26
905 14
906 1
907 26
908 29
909 36
910 33
911 30
912 12
913 14
914 6
915 37
916 23
917 3
918 11
919 11
920 18
921 33
922 11
923 11
924 11
925 11
926 14
927 15
928 5
929 25
930 36
931 18
932 6
933 6
934 26
935 14
936 26
937 14
938 40
939 26
940 6
941 32
942 23
943 23
944 12
945 30
946 30
947 12
948 21
949 21
950 18
951 18
952 18
953 18
954 36
955 0
956 20
957 10
958 20
959 0
960 0
961 14
962 14
963 12
964 22
965 0
966 32
967 12
968 39
969 14
970 14
971 18
972 18
973 20
974 17
975 25
976 18
977 14
978 12
979 12
980 22
981 12
982 6
983 0
984 33
985 12
986 18
987 10
988 12
989 11
990 12
991 26
992 19
993 18
994 14
995 14
996 32
997 22
998 6
999 39
1000 18
1001 3
1002 14
1003 0
1004 11
