0 7
1 7
2 7
3 12
4 7
5 1
6 0
7 10
8 1
9 1
10 7
11 1
12 7
13 4
14 7
15 1
16 7
17 9
18 9
19 7
20 5
21 1
22 5
23 1
24 1
25 10
26 1
27 9
28 4
29 2
30 9
31 1
32 1
33 12
34 5
35 10
36 4
37 7
38 12
39 1
40 9
41 7
42 5
43 0
44 9
45 1
46 12
47 7
48 12
49 9
50 7
51 8
52 7
53 7
54 0
55 9
56 7
57 12
58 7
59 11
60 5
61 1
62 12
63 9
64 0
65 12
66 5
67 1
68 7
69 7
70 12
71 9
72 10
73 0
74 7
75 12
76 1
77 1
78 0
79 8
80 1
81 1
82 10
83 9
84 1
85 7
86 1
87 4
88 12
89 0
90 1
91 0
92 1
93 7
94 0
95 12
96 7
97 5
98 9
99 12
100 4
101 1
102 0
103 1
104 4
105 0
106 1
107 12
108 7
109 9
110 1
111 9
112 12
113 1
114 4
115 4
116 9
117 7
118 7
119 4
120 12
121 1
122 0
123 9
124 7
125 1
126 4
127 4
128 1
129 2
130 5
131 7
132 9
133 7
134 9
135 1
136 5
137 12
138 12
139 2
140 1
141 7
142 9
143 1
144 5
145 7
146 0
147 7
148 7
149 7
150 4
151 10
152 11
153 1
154 9
155 5
156 0
157 7
158 10
159 7
160 9
161 5
162 9
163 0
164 11
165 9
166 5
167 7
168 9
169 9
170 4
171 12
172 4
173 7
174 12
175 7
176 9
177 9
178 9
179 7
180 7
181 4
182 1
183 5
184 12
185 5
186 6
187 5
188 4
189 2
190 4
191 9
192 10
193 7
194 5
195 0
196 0
197 7
198 7
199 7
200 8
201 4
202 3
203 12
204 9
205 0
206 7
207 9
208 9
209 7
210 0
211 1
212 9
213 6
214 7
215 7
216 7
217 8
218 5
219 9
220 8
221 7
222 5
223 1
224 0
225 0
226 7
227 10
228 1
229 7
230 7
231 5
232 12
233 7
234 5
235 8
236 7
237 7
238 5
239 1
240 5
241 0
242 10
243 5
244 7
245 9
246 0
247 2
248 1
249 4
250 7
251 7
252 0
253 9
254 1
255 9
256 7
257 7
258 2
259 9
260 7
261 9
262 1
263 0
264 2
265 12
266 9
267 0
268 7
269 0
270 12
271 7
272 7
273 7
274 7
275 7
276 4
277 0
278 0
279 4
280 7
281 9
282 9
283 1
284 7
285 5
286 9
287 9
288 7
289 0
290 4
291 7
292 0
293 11
294 0
295 0
296 12
297 5
298 9
299 10
300 8
301 0
302 4
303 8
304 1
305 5
306 12
307 12
308 12
309 7
310 1
311 1
312 7
313 9
314 7
315 9
316 7
317 4
318 0
319 1
320 5
321 9
322 7
323 9
324 9
325 5
326 9
327 5
328 5
329 2
330 1
331 5
332 5
333 11
334 7
335 7
336 7
337 9
338 9
339 7
340 7
341 10
342 3
343 5
344 9
345 9
346 3
347 0
348 0
349 7
350 1
351 12
352 4
353 5
354 7
355 4
356 9
357 4
358 7
359 5
360 9
361 9
362 1
363 0
364 5
365 9
366 0
367 4
368 4
369 7
370 0
371 0
372 5
373 9
374 9
375 4
376 4
377 0
378 12
379 7
380 7
381 5
382 0
383 2
384 6
385 0
386 5
387 5
388 7
389 7
390 7
391 5
392 7
393 1
394 3
395 7
396 2
397 2
398 1
399 1
400 9
401 4
402 12
403 0
404 4
405 0
406 12
407 9
408 12
409 0
410 12
411 5
412 7
413 4
414 0
415 9
416 9
417 5
418 4
419 4
420 5
421 7
422 9
423 0
424 8
425 7
426 2
427 0
428 7
429 7
430 4
431 9
432 6
433 9
434 4
435 11
436 10
437 0
438 3
439 7
440 7
441 7
442 9
443 5
444 9
445 10
446 6
447 6
448 12
449 12
450 1
451 0
452 9
453 7
454 7
455 7
456 3
457 9
458 4
459 7
460 2
461 1
462 4
463 1
464 0
465 9
466 11
467 1
468 7
469 4
470 12
471 12
472 2
473 7
474 0
475 4
476 3
477 4
478 4
479 9
480 5
481 1
482 4
483 5
484 12
485 9
486 2
487 0
488 11
489 4
490 2
491 10
492 12
493 9
494 2
495 0
496 0
497 7
498 11
499 0
500 7
501 5
502 6
503 9
504 7
505 3
506 7
507 1
508 1
509 7
510 0
511 9
512 4
513 9
514 9
515 1
516 9
517 0
518 1
519 11
520 12
521 2
522 3
523 12
524 8
525 12
526 4
527 9
528 4
529 4
530 4
531 1
532 9
533 7
534 0
535 7
536 5
537 0
538 12
539 3
540 7
541 0
542 9
543 10
544 4
545 10
546 7
547 9
548 0
549 4
550 5
551 4
552 7
553 7
554 2
555 9
556 7
557 7
558 4
559 7
560 0
561 7
562 9
563 12
564 7
565 0
566 5
567 5
568 5
569 7
570 4
571 12
572 9
573 2
574 12
575 4
576 6
577 11
578 7
579 12
580 10
581 0
582 12
583 7
584 7
585 4
586 7
587 2
588 7
589 12
590 7
591 5
592 7
593 11
594 0
595 6
596 8
597 0
598 10
599 9
600 4
601 4
602 1
603 4
604 6
605 0
606 0
607 5
608 6
609 5
610 0
611 0
612 5
613 7
614 3
615 4
616 7
617 7
618 1
619 4
620 12
621 7
622 9
623 7
624 4
625 9
626 7
627 7
628 9
629 4
630 2
631 0
632 1
633 7
634 7
635 0
636 0
637 11
638 2
639 4
640 11
641 12
642 6
643 4
644 7
645 7
646 9
647 2
648 9
649 12
650 8
651 0
652 4
653 3
654 0
655 4
656 0
657 5
658 12
659 5
660 9
661 0
662 1
663 8
664 5
665 9
666 1
667 5
668 5
669 4
670 8
671 7
672 7
673 7
674 9
675 12
676 3
677 1
678 11
679 0
680 8
681 0
682 2
683 12
684 12
685 0
686 10
687 12
688 9
689 7
690 2
691 10
692 8
693 4
694 9
695 7
696 2
697 4
698 0
699 12
700 0
701 7
702 12
703 12
704 8
705 9
706 4
707 3
708 6
709 7
710 12
711 0
712 8
713 5
714 2
715 7
716 11
717 6
718 6
719 9
720 9
721 9
722 9
723 1
724 10
725 9
726 0
727 2
728 2
729 0
730 0
731 0
732 12
733 3
734 7
735 0
736 7
737 8
738 0
739 2
740 8
741 1
742 6
743 12
744 5
745 9
746 5
747 9
748 12
749 4
750 4
751 11
752 9
753 11
754 3
755 7
756 4
757 6
758 12
759 5
760 8
761 2
762 3
763 8
764 12
765 7
766 11
767 12
768 8
769 2
770 0
771 4
772 2
773 10
774 7
775 0
776 7
777 2
778 10
779 7
780 6
781 7
782 12
783 9
784 9
785 10
786 7
787 9
788 5
789 0
790 8
791 8
792 2
793 11
794 12
795 5
796 10
797 3
798 8
799 6
800 11
801 7
802 4
803 9
804 12
805 0
806 9
807 0
808 8
809 9
810 2
811 9
812 6
813 2
814 1
815 0
816 0
817 8
818 12
819 9
820 5
821 2
822 5
823 4
824 3
825 5
826 0
827 9
828 0
829 12
830 0
831 4
832 9
833 7
834 9
835 5
836 0
837 11
838 6
839 5
840 8
841 6
842 3
843 2
844 6
845 2
846 12
847 7
848 4
849 4
850 7
851 7
852 11
853 9
854 12
855 2
856 4
857 0
858 0
859 5
860 2
861 0
862 9
863 9
864 2
865 0
866 2
867 12
868 0
869 10
870 7
871 7
872 4
873 4
874 10
875 10
876 10
877 2
878 0
879 11
880 11
881 11
882 7
883 0
884 0
885 12
886 6
887 8
888 9
889 0
890 7
891 0
892 6
893 0
894 9
895 5
896 11
897 5
898 0
899 12
900 12
901 8
902 6
903 5
904 12
905 5
906 0
907 8
908 12
909 7
910 4
911 9
912 3
913 9
914 9
915 5
916 6
917 6
918 12
919 8
920 8
921 10
922 8
923 0
924 4
925 6
926 6
927 7
928 6
929 4
930 0
931 9
932 6
933 0
934 7
935 4
936 6
937 0
938 10
939 10
940 8
941 6
942 4
943 9
944 4
945 11
946 4
947 1
948 10
949 11
950 7
951 7
952 0
953 12
954 4
955 0
956 7
957 1
958 5
959 2
960 7
961 0
962 12
963 4
964 9
965 4
966 5
967 12
968 3
969 10
970 2
971 2
972 0
973 6
974 7
975 10
976 2
977 5
978 2
979 12
980 12
981 12
982 2
983 4
984 7
985 0
986 6
987 0
988 2
989 7
990 2
991 3
992 0
993 8
994 2
995 5
996 0
997 0
998 5
999 3
1000 3
1001 3
1002 6
1003 5
1004 4
1005 8
1006 4
1007 4
1008 0
1009 8
1010 0
1011 6
1012 6
1013 8
1014 8
1015 12
1016 8
1017 1
1018 5
1019 4
1020 4
1021 6
1022 4
1023 9
1024 6
1025 12
1026 2
1027 7
1028 4
1029 4
1030 9
1031 9
1032 9
1033 7
1034 9
1035 8
1036 6
1037 0
1038 8
1039 2
1040 6
1041 6
1042 8
1043 4
1044 4
1045 2
1046 6
1047 12
1048 9
1049 12
1050 9
1051 9
1052 1
1053 8
1054 4
1055 12
1056 4
1057 6
1058 6
1059 6
1060 9
1061 9
1062 4
1063 2
1064 2
1065 2
1066 2
1067 2
1068 2
1069 2
1070 2
1071 2
1072 2
1073 2
1074 2
1075 2
1076 2
1077 0
1078 7
1079 5
1080 12
1081 8
1082 6
1083 8
1084 1
1085 7
1086 2
1087 0
1088 9
1089 7
1090 9
1091 6
1092 4
1093 1
1094 3
1095 3
1096 9
1097 9
1098 4
1099 11
1100 2
1101 5
1102 7
1103 8
1104 12
1105 5
1106 4
1107 5
1108 5
1109 0
1110 9
1111 9
1112 8
1113 9
1114 9
1115 4
1116 4
1117 11
1118 0
1119 4
1120 0
1121 4
1122 7
1123 5
1124 8
1125 4
1126 8
1127 0
1128 9
1129 4
1130 9
1131 4
1132 8
1133 8
1134 0
1135 2
1136 2
1137 0
1138 3
1139 2
1140 12
1141 12
1142 5
1143 12
1144 8
1145 7
1146 10
1147 10
1148 10
1149 7
1150 8
1151 4
1152 12
1153 6
1154 6
1155 0
1156 8
1157 0
1158 10
1159 8
1160 11
1161 3
1162 0
1163 9
1164 6
1165 11
1166 8
1167 2
1168 8
1169 9
1170 6
1171 9
1172 9
1173 2
1174 10
1175 10
1176 7
1177 4
1178 7
1179 8
1180 12
1181 4
1182 7
1183 6
1184 8
1185 4
1186 12
1187 6
1188 6
1189 1
1190 6
1191 6
1192 8
1193 2
1194 1
1195 1
1196 9
1197 4
1198 11
1199 4
1200 4
1201 12
1202 4
1203 11
1204 11
1205 2
1206 7
1207 8
1208 6
1209 8
1210 9
1211 9
1212 9
1213 4
1214 2
1215 8
1216 8
1217 0
1218 8
1219 2
1220 8
1221 4
1222 5
1223 1
1224 2
1225 6
1226 7
1227 6
1228 6
1229 0
1230 0
1231 0
1232 4
1233 5
1234 10
1235 12
1236 4
1237 4
1238 4
1239 6
1240 0
1241 8
1242 7
1243 6
1244 4
1245 2
1246 10
1247 7
1248 1
1249 9
1250 7
1251 4
1252 9
1253 6
1254 5
1255 0
1256 0
1257 10
1258 10
1259 6
1260 2
1261 4
1262 5
1263 9
1264 7
1265 9
1266 1
1267 9
1268 3
1269 3
1270 5
1271 5
1272 5
1273 4
1274 11
1275 12
1276 10
1277 2
1278 0
1279 3
1280 2
1281 9
1282 8
1283 8
1284 4
