0 1
1 0
2 0
3 0
4 1
5 0
6 1
7 1
8 0
9 0
10 0
11 0
12 0
13 0
14 0
15 0
16 0
17 0
18 1
19 0
20 0
21 0
22 0
23 0
24 0
25 0
26 0
27 0
28 1
29 0
30 2
31 2
32 0
33 0
34 0
35 0
36 0
37 0
38 0
39 0
40 0
41 0
42 0
43 0
44 0
45 0
46 1
47 0
48 1
49 0
50 0
51 1
52 0
53 0
54 0
55 0
56 0
57 0
58 0
59 2
60 2
61 2
62 2
63 2
64 2
65 2
66 2
67 2
68 2
69 1
70 2
71 2
72 2
73 2
74 2
75 2
76 1
77 0
78 2
79 2
80 2
81 2
82 2
83 2
84 2
85 2
86 2
87 2
88 2
89 2
90 2
91 2
92 2
93 2
94 2
95 2
96 2
97 2
98 2
99 2
100 2
101 2
102 2
103 1
104 1
