0 2
1 9
2 9
3 2
4 2
5 3
6 2
7 3
8 7
9 2
10 2
11 9
12 0
13 2
14 3
15 3
16 2
17 0
18 5
19 0
20 0
21 0
22 0
23 8
24 2
25 2
26 2
27 0
28 2
29 3
30 2
31 9
32 8
33 5
34 5
35 9
36 5
37 8
38 8
39 10
40 8
41 10
42 3
43 10
44 8
45 10
46 8
47 7
48 9
49 9
50 8
51 0
52 4
53 0
54 0
55 0
56 0
57 0
58 0
59 6
60 1
61 6
62 6
63 4
64 6
65 10
66 8
67 2
68 10
69 9
70 10
71 9
72 10
73 10
74 10
75 7
76 3
77 3
78 5
79 4
80 5
81 4
82 4
83 0
84 10
85 7
86 9
87 7
88 3
89 6
90 6
91 6
92 1
93 1
94 6
95 9
96 8
97 7
98 9
99 9
100 9
101 6
102 8
103 3
104 3
105 3
106 5
107 3
108 3
109 8
110 10
111 10
112 0
113 9
114 1
115 1
116 1
117 0
118 10
119 9
120 7
121 6
122 5
123 6
124 6
125 8
126 10
127 8
128 9
129 6
130 5
131 3
132 3
133 5
134 3
135 2
136 1
137 8
138 1
139 7
140 10
141 6
142 10
143 7
144 6
145 1
146 1
147 0
148 1
149 1
150 5
151 0
152 6
153 1
154 5
155 1
156 5
157 9
158 5
159 5
160 5
161 8
162 4
163 4
164 5
165 5
166 9
167 10
168 6
169 7
170 5
171 1
172 10
173 7
174 10
175 10
176 3
177 7
178 3
179 3
180 1
181 1
182 7
183 7
184 0
185 1
186 6
187 6
188 6
189 4
190 2
191 8
192 6
193 4
194 2
195 5
196 8
197 10
198 3
199 9
200 6
201 0
202 10
203 7
204 10
205 7
206 10
207 7
208 7
209 1
210 7
211 2
212 7
213 7
214 9
215 8
216 7
217 1
218 1
219 9
220 1
221 0
222 0
223 2
224 6
225 8
226 5
227 0
228 8
229 9
230 2
231 5
232 2
233 4
234 2
235 0
