0 2
1 9
2 9
3 2
4 2
5 3
6 2
7 8
8 3
9 7
10 2
11 2
12 9
13 0
14 2
15 3
16 3
17 2
18 0
19 5
20 0
21 0
22 0
23 0
24 8
25 2
26 2
27 2
28 2
29 0
30 2
31 3
32 2
33 9
34 8
35 5
36 5
37 9
38 5
39 8
40 8
41 10
42 8
43 10
44 3
45 10
46 8
47 10
48 8
49 7
50 9
51 9
52 8
53 0
54 4
55 0
56 0
57 0
58 0
59 0
60 0
61 6
62 1
63 6
64 6
65 4
66 6
67 10
68 8
69 2
70 10
71 10
72 9
73 10
74 9
75 10
76 10
77 10
78 7
79 3
80 3
81 5
82 4
83 5
84 4
85 4
86 0
87 10
88 7
89 9
90 7
91 7
92 3
93 6
94 1
95 6
96 1
97 1
98 6
99 9
100 8
101 7
102 9
103 9
104 9
105 6
106 8
107 3
108 3
109 3
110 3
111 3
112 8
113 10
114 10
115 0
116 9
117 1
118 1
119 1
120 0
121 10
122 9
123 7
124 6
125 5
126 6
127 6
128 8
129 10
130 9
131 6
132 5
133 3
134 3
135 5
136 3
137 2
138 1
139 8
140 1
141 6
142 10
143 6
144 10
145 7
146 6
147 1
148 7
149 1
150 0
151 1
152 1
153 5
154 0
155 1
156 5
157 1
158 5
159 9
160 5
161 5
162 5
163 8
164 4
165 4
166 5
167 5
168 9
169 10
170 6
171 7
172 5
173 1
174 10
175 7
176 10
177 10
178 3
179 3
180 3
181 1
182 1
183 7
184 7
185 0
186 1
187 6
188 6
189 6
190 4
191 2
192 8
193 8
194 6
195 4
196 2
197 5
198 6
199 10
200 3
201 9
202 6
203 0
204 10
205 7
206 10
207 7
208 10
209 7
210 7
211 1
212 7
213 2
214 7
215 7
216 9
217 8
218 7
219 1
220 1
221 9
222 1
223 0
224 0
225 2
226 6
227 8
228 5
229 0
230 8
231 9
232 2
233 5
234 2
235 4
236 2
237 0
